175.0, 482.0, 0.0, 0.0, thekongresources/kongspritesheet.png
92.0 2.0 19.0 18.0
113.0 2.0 19.0 18.0
133.0 2.0 19.0 18.0
154.0 2.0 19.0 18.0
175.0 2.0 19.0 18.0
195.0 2.0 19.0 18.0
75.0, 65.0, 0.0, 0.0, thekongresources/kongspritesheet.png
7.0 150.0 47.0 35.0
252.0 150.0 47.0 35.0
105.0 151.0 47.0 35.0
155.0 150.0 47.0 35.0
225.0, 27.0, 0.0, 0.0, thekongresources/kongspritesheet.png
107.0 125.0 17.0 23.0
131.0 125.0 17.0 23.0
158.0 125.0 17.0 23.0
183.0 125.0 17.0 23.0
125.0, 90.0, 0.0, 0.0, thekongresources/kongspritesheet.png
95.0 258.0 17.0 12.0
66.0 258.0 12.0 10.0
81.0 258.0 12.0 10.0
66.0 270.0 12.0 10.0
81.0 270.0 12.0 10.0
